9.593605935313448407e-01,1.852188584516393233e-01,1.348430167566976312e-01,6.746130565722030514e-01,8.393526485057596354e-01,6.925490988443958607e-01,9.387050901455232799e-01,7.839246140669930973e-01,2.491278409366547431e-01,6.206336761485207187e-01,2.495731312617499587e-01,4.636177067453144396e-01,6.887436761143095332e-02,4.432635086882943387e-01,8.099466742448324652e-01,4.487516155673380025e-01,9.979853868382617677e-01,6.983747480733637492e-02,2.081963242463789054e-01,8.438041123081629902e-02
1.516202741245104013e-01,2.845318924151649664e-01,4.740343880339191740e-01,5.327054312687361515e-01,3.842514180028222537e-01,6.062114042196685704e-01,3.407522375327468600e-01,3.674642295189217700e-01,3.442668813340505896e-01,8.713801950297450638e-02,3.285735948498389458e-01,2.588475147420553624e-01,5.672973331231142557e-01,2.559254849734620141e-01,3.937569568995091807e-01,3.040869290141900994e-02,8.615901924871761652e-01,4.567974001531740491e-01,9.951070162381333573e-01,8.432164083880849814e-01
1.283122543132250160e-01,2.830486406497058072e-01,9.915368822531578363e-01,2.732645341259737348e-01,5.276117171119131255e-01,6.952715040549655168e-01,2.119372519548617939e-01,4.353123058966356096e-01,6.283406587406225041e-01,9.622895030218073797e-01,1.395216271951723597e-01,6.558514767801193468e-01,7.300396373889996848e-01,4.446102154495510383e-01,1.499861489097634726e-01,2.596234732639575160e-01,8.014109308590731118e-01,2.638055941439828578e-01,1.324236133281955219e-01,8.071749120593185722e-01
2.687633976877665809e-01,2.378918044508330221e-01,9.266994095074277960e-01,4.876863431086706502e-01,3.082106953820756834e-01,7.245721079526008523e-01,2.587907625651393317e-01,6.067165028412204730e-01,8.702170862419736919e-01,8.699191218035684514e-02,8.785456892052639910e-01,2.379383001708539336e-01,6.942559649266719646e-01,5.684972790183495661e-01,1.421533990717894769e-01,5.523720399155098715e-01,6.554860360796695984e-01,5.972416121902903718e-01,9.809763931832515826e-02,7.060787026715775738e-01
6.882440548510632139e-01,5.849107060686178361e-01,1.473227112100403691e-01,5.358165178840922360e-01,9.387862987923968339e-01,1.575904826832053018e-02,7.822979423114255759e-01,7.811977606968787402e-01,7.948700716127735655e-01,8.283112950138717956e-01,6.181291378801367919e-02,7.120864276926633929e-01,7.809774985735017383e-01,3.091929445560739342e-01,8.222330348659502297e-01,1.410955419150129453e-01,8.421347107009361510e-01,1.562080737861915036e-02,9.937883070135485886e-01,7.021269256431974526e-01
7.416482974833673580e-01,1.667754150377036559e-01,7.820740708863099799e-01,4.675951152941503208e-01,3.950003933697445735e-01,1.012093943564018605e-01,4.766651476427945511e-01,8.477536311676203695e-01,4.347377879437586135e-01,4.626771225128676335e-01,2.688097794541743912e-01,2.334595031266560872e-01,7.511519878528459815e-01,1.302129119002939373e-01,1.464202084802675996e-01,2.738699884338571255e-01,9.587553030983453350e-02,2.501121051037520360e-01,6.498973859477267245e-01,8.076235491447952830e-01
7.102548153237020490e-02,4.618252281924531966e-01,6.161007933129591940e-01,2.191075478398913923e-01,9.009306164477232093e-01,1.186667703617599878e-01,8.522249252297632305e-01,2.808059266004903076e-01,7.259701398267931483e-01,3.367805349610113463e-01,6.742828964592887386e-01,5.493285827200774518e-01,7.634688782553407105e-01,3.178790476014551336e-01,3.578455254498170701e-01,8.979818803434225227e-02,3.754638196992466925e-01,5.445212261042232660e-01,3.915445830419886919e-01,4.468974340201468110e-01
2.282743504027179293e-01,8.257145704850167300e-01,3.664807872271289568e-01,1.808895195408787293e-01,9.399842096308098638e-01,3.766286459307530698e-01,3.982039257138848543e-01,1.489338087471241412e-01,4.079595870601594454e-01,7.120661912213611666e-01,9.340244646695887720e-01,1.026984487947392166e-01,9.149802718409875135e-01,7.350546100902594082e-01,6.626538872196733321e-01,3.702045315384727697e-02,5.287901357042873451e-01,6.826329189655423457e-01,8.813544925798790786e-01,3.905561512306323646e-01
7.530180808115410906e-01,9.705540769335263551e-02,3.023689478600859459e-01,7.393154554296118564e-01,4.578404103218928212e-01,3.076349886018966417e-01,1.642159771069530150e-01,8.681145119036491886e-01,7.533566711952683903e-01,5.071719816996671515e-01,6.433518932526844925e-01,8.980038341763104670e-01,2.781597006960571106e-01,1.231869113711848707e-01,2.272096222508573904e-01,8.821517971431904748e-01,8.527861571287983500e-01,5.586967676256777704e-01,7.602054370418236395e-01,9.368177148096032969e-01
5.519735864501384981e-02,7.708425010506828601e-01,6.028231399792203238e-01,5.640045434281706349e-01,3.008071471494585536e-01,3.187664341888134523e-01,6.236013377859921381e-01,6.012814878247103589e-01,3.776371886357189345e-01,3.069995318565832410e-02,1.383818472148536927e-01,6.595296350699189070e-01,9.517825062301499273e-01,9.749554336633617924e-01,1.601378759741326485e-01,2.358022293739460151e-01,7.698874466929386262e-01,2.153189194954323593e-01,9.848756912020945053e-01,8.866195613403341502e-01
2.690363756371768611e-01,8.291390180525411990e-01,4.822496049627056358e-02,1.516485242919022314e-01,4.250519689046926564e-01,3.155340677227707058e-01,2.105381073475213194e-01,6.932654056493436912e-02,9.187877527799400701e-01,4.983210515602526369e-01,1.985353221267039947e-01,6.554960476657644142e-01,1.493307774300060009e-01,7.311907781502473558e-01,8.683000638241367142e-02,7.471750091064878196e-01,1.938974579895103023e-01,2.186434814739420807e-01,5.219660462143660418e-01,1.594431042178179325e-01
6.309171791442415023e-01,1.387244367714483007e-01,8.718650720920648745e-01,4.187680036258009109e-01,5.263865405379782869e-01,3.759767576426236158e-01,4.653186240287280340e-01,8.107720543919000322e-01,3.101808537258610166e-03,3.056065014337996377e-01,3.882563255827464754e-01,7.001271894325605816e-01,6.118092040802504128e-01,8.715313519991940705e-01,4.966140646828657301e-01,6.186122023123898916e-01,4.900923719805172496e-01,7.938620359269032978e-02,3.806547362506090826e-01,1.924775910553602198e-01
8.122681263046661604e-01,5.639110427140061610e-01,2.834028061780787811e-01,3.708910307152931685e-01,4.806697765173997272e-01,8.621241946808775314e-01,3.107211399899687532e-01,3.362736463143889409e-03,2.094945646855307375e-01,4.755298658130158174e-02,3.361685496347758262e-01,7.523689375356992226e-01,7.616433169046654683e-02,3.978768027004283558e-01,3.764169930608890491e-01,6.035548150042024940e-02,2.610791027326464508e-01,5.345822451750240623e-01,1.433232092997296370e-01,3.760038729039673067e-01
8.900823864274237662e-01,6.047532064433225329e-01,1.210223280414979286e-01,7.922728172845107109e-01,8.750608126750191174e-01,1.209308806314653983e-01,6.937921423807207333e-01,2.602818411290744871e-01,7.510511390984657698e-01,9.063015332086935549e-01,5.759370817345467186e-01,4.166333697178817852e-01,5.258785390538035509e-01,9.640641756860670597e-01,5.870977153419112415e-01,9.308653442290945046e-01,5.569877484632967946e-01,3.424911941972388352e-01,9.484944317881345288e-01,8.357975874243618319e-01
6.981055940500933144e-01,8.275818133382606412e-01,5.107953599085442997e-01,1.627386185994106338e-01,1.517951436408151444e-01,1.924806661568971844e-01,1.340518947499045321e-01,7.887494670492541937e-01,6.947800654575730928e-01,6.982012433372686289e-01,8.709372811183456742e-01,2.792486973293117902e-01,5.290318085154547267e-01,2.290511054033063099e-01,3.971982240292416533e-01,3.792981901517056276e-01,4.342017731300078509e-01,4.526635518316496354e-01,4.133443149542509465e-01,3.594680829868761585e-01
3.354540898153678397e-01,7.268626279649664790e-01,4.057525483500433738e-01,8.995367523276460719e-01,7.232241829026742064e-02,4.843840006054364045e-01,8.963383391874638617e-01,3.887923508995425603e-01,8.807478797033173601e-01,9.047722984572234006e-01,3.913188389374364640e-01,2.300961271532090402e-01,2.067063377370759181e-01,5.518917797784346213e-01,8.290449406130673271e-02,4.496914970971980230e-01,1.177902225936526825e-01,9.869887935817052149e-01,1.532205661925117868e-01,8.875251215788793058e-01
3.682958800888554984e-01,9.790584549822601845e-01,4.832042117514404600e-01,5.605224326203400720e-01,4.184422397952513029e-01,4.695545293902213535e-01,2.705550922043941098e-01,2.679294858257610379e-01,3.024828785129008990e-01,4.705714906485864990e-01,9.587075636447603966e-01,3.828166459562323265e-01,2.529582751503312021e-01,7.514050265583154253e-01,9.260848994056182226e-01,4.838661301530667869e-01,3.819329692844353197e-02,2.663148998277031776e-02,8.172254381137828982e-01,6.101829889900658443e-01
4.243261648056843027e-01,6.575647548415144428e-01,8.807311202092320546e-01,3.663850274901362392e-01,5.655873964473353555e-01,3.613156417356797601e-01,6.986157169062557903e-01,4.311339506196066873e-01,8.633294164453050312e-01,2.335871048433120212e-01,3.513678938226190152e-01,3.203064477440010771e-01,3.447108317290277224e-01,8.912986114762647682e-01,5.888823980286006510e-01,4.586939155916612831e-01,5.183325223294877881e-01,3.949698552211345914e-01,5.592687904614841443e-01,2.626523970286457343e-01
6.544829380304185706e-01,3.953058488526228764e-03,7.381058206127977250e-02,3.414601698249463135e-01,9.572779167860944183e-01,2.709335890811670478e-01,1.789447226921603296e-02,8.935926638398927757e-03,3.553217335992739923e-01,4.184016210764588406e-01,1.246625290662954910e-01,7.581379062859369133e-01,2.452645611911572487e-01,1.327624319027479460e-01,2.403064366297398280e-01,5.787040696092174974e-01,3.483992972816899458e-01,5.129477505300991114e-01,5.582685677499076293e-01,3.670634333964917229e-01
9.022466552816019725e-01,9.239949781365289772e-01,9.662058189085150905e-01,9.181685044395361261e-01,7.681563629983845232e-02,7.545419253494305423e-01,8.701377941977253005e-01,6.091483617651283211e-01,2.474257078500908813e-01,9.634759092935918368e-02,9.664474440726372739e-01,4.808550240322329028e-01,6.342517726532632683e-01,8.539028591815051028e-01,2.735535451895767523e-01,1.063385355966404155e-01,5.394473484595615487e-01,1.897240292079254154e-01,9.054972601141841881e-02,2.579339847150686760e-01
3.125400099455333258e-01,5.746766472599175168e-01,5.108986596049048812e-01,9.923525445684868718e-01,7.591531865966644199e-01,8.634511542482826707e-01,6.600269159837423016e-01,5.577367671120361248e-01,2.598302748745885404e-01,4.192001838259323820e-01,9.036011892061595052e-01,3.791415973064726774e-01,4.696377492221591732e-01,2.606142961833202154e-01,7.809453805934900572e-01,3.265807715611591666e-01,1.049396589413840175e-01,6.574183017303478760e-01,8.185060132295799429e-01,2.771495684493091582e-01
9.453128661225329576e-02,4.758805282186729935e-01,7.174177008551807511e-02,1.898427818697747682e-01,3.918794094686757212e-01,9.675314251139029986e-01,8.154532159991165763e-01,4.363860747609180635e-01,4.985135618914757760e-01,8.146207924855884963e-01,2.011371218348800838e-01,3.682419754001398093e-01,7.865074358393222553e-01,2.129185655054813830e-01,7.403499993915642063e-01,2.226358327801589709e-01,7.465627714789646596e-01,1.192848789953335764e-01,6.941162131675943092e-01,9.679318237140170922e-01
7.303182190981106769e-01,3.239252221374522289e-01,7.224676363261537393e-01,3.982950305805289526e-01,1.929799169673214188e-01,5.269696644388027762e-01,1.063846917371229495e-01,7.397462636718351581e-01,6.986182944208836343e-01,5.333826780352773911e-01,3.081646353537671468e-01,7.333181351329236541e-01,7.005732284183872061e-01,5.494480271999430121e-01,8.765121389531133067e-01,4.153926913230356899e-01,7.635116257023537578e-01,4.633686245028751927e-01,2.083904451464932972e-01,6.888573919633793619e-01
1.567947247446649373e-01,4.508991589298840807e-01,8.122576518957899117e-01,2.981043107283039006e-01,1.039203543230050597e-01,6.463068531087907687e-01,7.691150843773021384e-01,4.231647861298456492e-01,4.403123970784855734e-01,7.741654721255031291e-01,9.699176971230286659e-01,6.281311997393178581e-01,5.564118499994323841e-01,7.952772703558932399e-01,5.642588519870004315e-01,2.062220616687918673e-01,6.070201455448867023e-01,8.969120463320895409e-01,6.765372107758853559e-01,2.030665116161746164e-01
2.240107045969551569e-01,7.827170111601444713e-02,9.443280872884796118e-01,3.001507159403116187e-02,1.165029467273259733e-01,2.620467732706802666e-01,3.419397982065014441e-01,2.646109229533439855e-01,8.831243926170142533e-01,2.414009277933040210e-01,1.459928647041073280e-01,7.712107050105110329e-02,8.060749503831804441e-01,9.503322936095737195e-02,8.954975085755996211e-01,4.097398368755718057e-01,6.645811413010527247e-02,8.260625846964615437e-01,9.987426247584036965e-01,8.273877823689625988e-01
5.522323948677992922e-01,2.150775174559564906e-01,5.861730172672320327e-01,3.332698006167781335e-01,4.395604285165222169e-02,3.219475651320213849e-01,4.794112392752410967e-01,8.213795856859115174e-01,8.778351094604061045e-01,3.196364637884475668e-01,2.803278559199665620e-01,8.790268923105867271e-01,9.329826588628290507e-01,9.256444156954908298e-01,8.885151559088073636e-01,2.187075845650030548e-01,3.538767450600923681e-01,9.479338564031358771e-02,3.584413457508247580e-01,5.586609443857536439e-01
4.775710408848491406e-01,5.108427113342579595e-01,4.697380550812341182e-01,4.461309699809874463e-01,2.721206336738390963e-01,8.430877858245118261e-01,9.404662940790318171e-01,5.461779389024814524e-01,4.746739021765844502e-02,6.137764350263184010e-01,2.264463672395914395e-01,9.837046395342918803e-02,5.619511424514874731e-01,5.038225142515028177e-01,8.411715970916991969e-01,7.020532638920868873e-01,2.575833017026564198e-01,7.102406267137756357e-01,7.634028180849917744e-01,8.823486018600663616e-01
8.538559151519083956e-01,5.847767447479537140e-01,1.498268915709625171e-01,8.607287038486888253e-01,9.389341249248039922e-02,4.059778013815137365e-01,8.337267233579269687e-01,4.124698490695637432e-01,7.379621630652719588e-01,1.242253724087973854e-01,9.638756600369906558e-01,6.882886784943712533e-01,3.024777036754198178e-01,1.303847981030895609e-01,8.066585898317337744e-01,5.667361971054813985e-01,1.234301317407315857e-02,4.659709222948456020e-01,8.752354518993110677e-02,5.988919583709710892e-01
2.705212714157153586e-01,2.334298572301024555e-01,1.636071581916281881e-01,4.733154893118080020e-01,7.054581846767824516e-01,1.265631999507301764e-01,8.391436312118101259e-01,9.279614057724295817e-01,5.756481768436860769e-01,3.333130242177252400e-01,1.216917166330322431e-01,4.675490172682037482e-01,6.687004727389158631e-01,4.554263717680037127e-01,9.734163600779540682e-01,9.735405136237998969e-01,7.334253955597197505e-01,8.025694632435553810e-02,2.007979632352874244e-01,8.145385811053916791e-01
1.494535291923198006e-01,5.702775541688223093e-01,9.886702970993944684e-01,9.330322845099158213e-01,3.694792783431786187e-01,3.029941323757421312e-01,5.326714831023051655e-01,4.833071164482681814e-01,1.464494917584708844e-01,4.100197802017160331e-01,7.021831158444835630e-02,4.828582304041925122e-01,8.980429440887316428e-01,8.182500204360679819e-01,7.631210431196844279e-01,7.948028259869079903e-01,7.123138872029312063e-01,5.358503818403173025e-01,9.740245812845655937e-01,8.090007229320250737e-01
6.615406420542557786e-01,1.023096241049470390e-01,1.747092748939765849e-01,1.491910672940464089e-01,5.475515957279851742e-01,3.104226771100799809e-01,2.966445209774805081e-01,3.300802979025451167e-01,9.139542817293497823e-01,9.411409256979321736e-01,8.799650880117777518e-01,1.570541731327510515e-01,8.477268595462410516e-01,3.227085622010683608e-04,5.869556303980753009e-01,6.882908001560132938e-01,2.008081531286824983e-01,3.573200875427248180e-01,4.115681688179523290e-01,5.454909073356107863e-01
2.472683682401849437e-01,1.525120714390089116e-01,3.866600284062952086e-01,6.351486872363976133e-01,8.433815876606167716e-01,8.835981269504759039e-01,4.727499259717224955e-01,9.793633531422720750e-01,9.803224240087972108e-01,1.336174291735361397e-01,5.552692321699387312e-01,8.547956547585671139e-01,6.036384660698237425e-01,3.438906567590587215e-01,6.648170891052428422e-01,9.692300775892639386e-01,8.149215690617251928e-01,9.304678418379885851e-02,1.230578445668485399e-01,1.414418239548942413e-01
6.710024217400787361e-01,7.709700656799748364e-01,2.132647407925558625e-02,8.754086574491812822e-01,6.694798295526194210e-01,1.911729365584003970e-01,1.710557521654421098e-01,9.283268625072200741e-01,3.087472137064495303e-02,8.294243397748104485e-01,1.847771688285037017e-01,4.777107581010984205e-01,3.866833385536813106e-01,3.277425411672078015e-01,1.514758519300581918e-01,1.308944009614699810e-01,8.766284762245604156e-01,4.992775391918646832e-01,7.576007604371098880e-01,4.051533841834897842e-02
3.497297411482591656e-01,8.479892192650495542e-01,1.756701179649609035e-01,7.980559206255362081e-01,9.132115165985457139e-01,6.318745189442180887e-01,8.888376269914136651e-01,1.745981263638003433e-01,3.919835735678577349e-01,9.839075703729479594e-01,9.167847800855779550e-01,7.674199729945303528e-01,8.092545198619394142e-01,5.287706413758418433e-01,9.748874996200798115e-01,8.161382790111826324e-02,1.364378674593148544e-01,8.012476045168309691e-01,4.086859666253014334e-01,9.204903245875311057e-01
5.175298944287614056e-01,5.953658665495356050e-01,3.408352671505108233e-01,9.126289857802836192e-01,9.217283804614785359e-01,5.132816735897177685e-01,5.434213182006728537e-01,1.408898242954970126e-01,6.386221856110430029e-02,8.021783916891683797e-01,2.680809125789666014e-01,9.049851446351890871e-01,4.261242045268376355e-02,6.623264021327420759e-01,2.576634521991090221e-01,8.906609940912275647e-01,2.037133678920831636e-01,5.718537887276441412e-01,5.548269102266722985e-02,6.321134343224797947e-01
1.155129898892034435e-01,6.525079565065283749e-02,6.961804165390169663e-01,4.143522977691688203e-01,6.142990326414722313e-01,6.321178215318234983e-01,8.555873551930200938e-01,4.036832021897154288e-01,4.710072678231455034e-01,8.664401088086929326e-01,2.584250580610701897e-01,6.854462754019324811e-01,3.826785913904119374e-01,1.899904185728282791e-01,9.921676063710499482e-01,3.261147304919674861e-01,6.070797540835813910e-01,9.491861890850799011e-01,7.646504289977782420e-01,3.847123609398006572e-02
1.338139240085306492e-01,7.036270828012338718e-01,3.789991561566007361e-01,2.649782685907750013e-01,3.451740561860566769e-01,3.677209427652694540e-02,2.679228921726615198e-01,8.570692772415532401e-01,8.789760590181432409e-01,4.070173679350652662e-02,4.977257377520706294e-01,5.477288761432287378e-01,3.895016867178340281e-01,6.974217940273428340e-01,4.819727069595173274e-01,8.635233922154839092e-02,6.538758133563135067e-01,4.431790705930362950e-01,9.512443068001558144e-01,1.557634451806467757e-01
8.132103413138398462e-01,2.538868931158622111e-03,6.621334196232434577e-01,1.431893828384886991e-01,2.744632697996814974e-01,3.300320756926328203e-01,8.126205861701426558e-01,6.796564018390334194e-01,1.325303400773562013e-01,1.348279489888026816e-03,4.367042762751293106e-01,5.517655263020794232e-01,9.806609149175818940e-01,7.950022942017845873e-01,3.494608885154184552e-01,8.144083230563063935e-01,1.050105591343032385e-01,2.387137385953849167e-01,9.692403208872356624e-01,2.833701859388897404e-01
6.975694745005075470e-01,7.579552025044934416e-01,4.232875314242504627e-01,4.135575269751625704e-01,7.625819079534453815e-01,7.731650500024066508e-01,1.143037810929427023e-01,6.366376620581132295e-01,6.711797749586945194e-02,5.851678981102678145e-01,5.698183870629885961e-01,6.732720808138096258e-01,1.700719566111854597e-01,9.176082268481122739e-01,6.801708619626756214e-02,1.830845293213974045e-01,9.116123210367801377e-01,6.794202159288217358e-01,8.886474872998916252e-01,2.074717436581633434e-01
5.333219201895931239e-01,4.423644515051472492e-02,8.015878878112530082e-01,2.816511822558368516e-01,8.455560714640814046e-01,4.498670092786107855e-01,4.303891935806647417e-01,8.701988029978171557e-01,8.588971001371902281e-01,2.578873935118516370e-01,9.515493584474699063e-01,5.387804282922127319e-01,6.137635438820466804e-01,1.923844808546161245e-01,1.604366474524946407e-01,5.474692102639422409e-01,2.961091762998491195e-01,6.885467016167127197e-01,3.126637483528071915e-01,2.787217932307454182e-01
8.692680646928865329e-01,9.429306151722262053e-01,7.852246020903475010e-02,8.696868411629669060e-01,1.276791589928837345e-01,1.382611847787819093e-01,8.850158405287400498e-02,1.876064510706381139e-01,5.519037484028522789e-01,7.840292160711849201e-01,5.670321098267944171e-01,4.501796311091688096e-02,6.106506927203931845e-01,9.328055876158093396e-01,2.891867300163621923e-01,9.250222855332790317e-02,3.381649566915856386e-02,5.714577287983181320e-01,6.569519791740635606e-01,7.545315225630232492e-01
7.584816748911203943e-01,2.793876410726500170e-01,1.403839727516353886e-02,9.167039805357257709e-02,3.983848127425905217e-01,3.696895063307947815e-02,7.673711551372029982e-01,1.806795830067939868e-01,4.478891719734242605e-01,3.271409968214743502e-01,5.799574725611057469e-01,3.572202747877908369e-01,9.240114125002347745e-01,5.751581677322913366e-01,5.042571305540827220e-01,4.743101072844768673e-01,9.399003924147359967e-01,7.740122962678316343e-01,5.529954888873334085e-02,4.858018076149144271e-01
8.597277371606928398e-01,3.174040749372517567e-01,1.669489783009919792e-01,2.767610524781390913e-01,1.628243330992591442e-01,8.666238848091873948e-01,2.966688258489674768e-01,8.038339946658664692e-01,6.379543514238457114e-01,4.212714012114514572e-01,3.310523465978969515e-01,4.085342583182316467e-01,8.284404283763436849e-01,3.136156655520693226e-01,6.128654105108526373e-01,8.566905038045421472e-01,3.639171279982280627e-01,8.848311244932697273e-01,7.395239298553800689e-01,3.409588961467447943e-01
9.913961476736800060e-01,8.977218441457714970e-01,2.417308920492186042e-01,8.431435766998047754e-01,7.166202654235753755e-02,2.581210862541397644e-01,5.342913005461883413e-01,4.178616439072967426e-01,9.612434641372348265e-01,9.052506872419706641e-01,1.847706806775766264e-01,3.819028773446435654e-01,9.393472914340981195e-01,9.751358151666500440e-03,1.651212834564247389e-01,6.225002447941487826e-01,3.036744386543849261e-01,4.725290499580691028e-01,9.379307800260905381e-02,3.783863402140603682e-01
4.095839754635545171e-01,4.050668304873054071e-01,9.777683887154516862e-01,7.055422178896855190e-01,3.770542799716655180e-01,3.442790669970337003e-01,9.368782984774679523e-01,6.693211956317750566e-01,1.025273338355173758e-01,5.077790823027094058e-01,6.119017897576513043e-01,7.082520617655621020e-01,4.248264538319406203e-01,1.147125630988655720e-01,6.013088186793535961e-02,9.912384195904651030e-01,5.196566917751015424e-01,4.566547599229089371e-01,7.764889667493204417e-01,9.448120135308823997e-01
7.247985698897079221e-01,4.805519739261485679e-01,8.025359827628033571e-01,7.956496833979885830e-01,8.474898174596915412e-01,4.856332871234463333e-01,1.384074684286704660e-01,2.996203763391878105e-01,8.680439505653554377e-01,6.206366684635763464e-01,7.776001362130939842e-01,4.516236494196333995e-01,6.467434936265873402e-01,2.347781545611661302e-01,8.092275069498053863e-01,8.886575566889195477e-01,7.214144128739365947e-01,7.151941822193753628e-01,6.808878245845524368e-01,6.853318334528443190e-01
2.908588612605917945e-01,4.870654810139366520e-01,1.265892250434262900e-01,5.403809405435732183e-01,3.009087161707572067e-01,7.897528010211312122e-01,7.280510109500759608e-02,7.264840951153735960e-01,9.828037930851356574e-01,5.511647530133196859e-01,7.955957013574960213e-01,1.865041488673814252e-01,4.081933075348663786e-01,2.326912069566016150e-01,4.482649499557884720e-01,4.933408516218258377e-01,5.426284058618032757e-01,1.171300424550686392e-01,7.384846435534127007e-01,3.129287550946452390e-01
1.917228534538916174e-01,1.379548120654549015e-01,7.736026420849146934e-01,5.828624676470228749e-01,6.502285798683915541e-02,9.676892516681460110e-01,3.534856436005037184e-01,4.151070960202553062e-01,3.919903225822259918e-01,5.104709290406248545e-01,1.560682787346475697e-01,4.381210719425647770e-01,6.229556140223576621e-01,5.753799028015555983e-01,2.849631533376801862e-01,1.299291368867215857e-01,4.216258446944035621e-01,2.250726486358558542e-01,6.518443426221994796e-01,9.675948435267189840e-01
1.849404609528738641e-01,4.941898112347925531e-01,7.944443398485910857e-01,5.644396530097219866e-01,8.422896342670349590e-01,9.167408404403040167e-01,8.355086122237845858e-01,9.382148938219958545e-01,2.530655106081246553e-01,3.957171673232589004e-01,7.117849531486812875e-01,9.958667015276978507e-01,1.093367570565552116e-01,6.630735498107080961e-01,4.115128799194476272e-01,3.937065057905223542e-01,1.489275302409682755e-01,6.327275943192423036e-02,4.561975626433517617e-01,9.417206631752740309e-01
1.505791080070350008e-01,1.594287488622881943e-01,3.406408717295165145e-01,3.515111623590441159e-01,1.629609080187367498e-01,6.982072518000258521e-01,9.265006327787007612e-01,8.451678775038532487e-01,1.580676466680792647e-01,6.644949120430467815e-01,7.701026709912294210e-01,2.020988235154707047e-01,4.598403582462557981e-01,3.153646862853587418e-01,6.996152781946261001e-01,1.144958411102680040e-01,4.209747584238898721e-01,9.024036702460001003e-01,7.750009584846274668e-01,3.116744729845614126e-01
6.793936883263735904e-01,5.088926361444531254e-01,3.094718169394794494e-01,9.529127566102735258e-01,5.895439233741729401e-01,1.658024560010882276e-01,1.747262931138596764e-01,7.601143134047620986e-01,3.879233350716545514e-01,1.349127604525827140e-01,5.055767914957570719e-01,5.377708560799547843e-01,9.775061925814488850e-01,1.194674651006377708e-01,4.900276847618635356e-01,7.240439525342758920e-01,8.642170599501045603e-01,2.752444349753496722e-01,5.927129460675192307e-01,8.830116030654410197e-01
3.157805431889125769e-01,8.307771365082986526e-01,6.201720457597502678e-01,1.323010011472243175e-01,5.166402687484408229e-01,5.645267599623153831e-01,6.504670167573920470e-01,2.092438397958666929e-01,8.587715455033211320e-01,8.178795481930982714e-01,3.251700699318504917e-01,5.010905168000830967e-01,6.652187560371700670e-01,2.857294208780158939e-02,7.988321252412222684e-01,6.978533321570001835e-01,7.009065645624992236e-01,1.935710965769154024e-01,6.867160626225521369e-01,7.604186535854146056e-01
3.199807602680706520e-01,2.724306226877061254e-01,5.075657029548276133e-01,8.395359309968219996e-02,7.998978521738216996e-01,3.157401821452866519e-01,8.953571081367265316e-01,6.922081251871647911e-01,9.677666534352418193e-01,6.750349516567720753e-01,7.195038946181996353e-01,3.892079398656694833e-01,6.687600114779115312e-01,1.731899962668693727e-01,2.785769492043107531e-01,8.190282565896851441e-01,9.531865662121189464e-01,6.765577194333005639e-01,2.044899502202234265e-01,8.533017733692387363e-01
3.618453842920812402e-01,3.647208343663210783e-02,5.836270925714697189e-01,1.042615885543176635e-01,5.955789289691241217e-01,3.276473629052850667e-01,3.648520664481226250e-01,2.675081172840743093e-01,4.611233899174935758e-01,9.537664043493407906e-01,2.741253237910269425e-01,7.409677545415331856e-01,7.658153016991318118e-01,6.472111502324272569e-01,1.285369617106815188e-01,5.138416035608477372e-01,3.031711776067669284e-02,4.380012152927339475e-01,3.899795185031250666e-01,9.077583991021287435e-02
7.319362427139605165e-01,3.238382644645112496e-01,5.953858611573581427e-01,6.366774379010642360e-02,2.001139131065943211e-01,6.630271086462633523e-01,3.335515987257905435e-01,8.328441554107068878e-02,9.329342083970246780e-01,7.866415108228657083e-01,2.841194085709259909e-01,3.098584873568244191e-02,2.035300224393992163e-01,9.059943309974618497e-01,3.237140071350379511e-01,7.315911123870587618e-01,5.957611306646566351e-01,4.987213753933417149e-02,5.392638330639389910e-01,9.026215203733274350e-01
8.394492111467263262e-01,9.162631047354363734e-01,9.084035509204156922e-01,7.557651410169584638e-01,5.511047639058433978e-01,8.909226205914411167e-02,5.237735940410144231e-01,4.396736564099694711e-01,4.492147140405213790e-01,3.827551689526184076e-01,2.246318220711390756e-01,2.674402931088730728e-01,7.588896607974194852e-01,8.144187513372630471e-01,7.969530211218489590e-03,9.489281529158339890e-01,2.742152190699276293e-01,7.769708379129051101e-01,9.833660970881769048e-01,5.897998481345069210e-01
3.775199142664080743e-01,6.433090088632645864e-01,8.051748695035265690e-02,1.096620883705707872e-01,1.159061330981793203e-01,4.386145789559229291e-01,1.817371070965790869e-01,5.813574520960196335e-01,2.026049269329425195e-01,8.522457448775440092e-01,4.027661796512720382e-01,9.127984743622629127e-01,8.554644193198600588e-01,5.811873755874674696e-01,3.982323594405572376e-01,5.390833052164664130e-01,2.895003340483931487e-01,4.978651129356852501e-01,7.793839865919478527e-01,5.702706404204255231e-01
1.078255762007984675e-02,2.496961722316261012e-01,1.966155780730173275e-01,6.148827316526561670e-02,1.035410373003422535e-01,7.337045450923751488e-01,4.361555419520953825e-01,7.375905407169215389e-01,7.764790277403292862e-01,2.724106270406061459e-01,3.170129916523877212e-01,5.310496954616863441e-01,1.838451435131949196e-02,2.237428343023140087e-02,5.974836765434748953e-01,6.160736331155632906e-01,4.468640680661180031e-01,5.616895266693868738e-01,2.393114114110991286e-01,8.738607696634693722e-01
2.645669860104488125e-01,8.528073636676866132e-01,1.048049629444481878e-01,7.837931386755544461e-01,6.992873706452795712e-01,3.610897845768172854e-01,3.506160995785502221e-01,6.728906316842864221e-01,4.315738570715100808e-01,8.709085968544308942e-01,8.180704149459171459e-01,3.586202923817499721e-01,1.783714942227279110e-01,6.996120563150189930e-01,6.638717360166103143e-01,7.998095390541900551e-01,1.826959437175272871e-01,5.893049407964645603e-01,2.313278885154201880e-01,5.501582698069603650e-01
5.149067735908796628e-01,1.328493147418325915e-01,5.176590596475523220e-01,4.597972710785699357e-01,7.993688441306879833e-01,3.844057033157538550e-01,8.045858322411167940e-01,9.347623036421838227e-01,3.750756560747814383e-01,6.220738940046867116e-01,3.383804382370461106e-01,5.288835221908222417e-01,4.947091034854411706e-02,3.200015993255740376e-01,8.062377814410994770e-01,7.750124299799254768e-02,5.982663092846870478e-01,3.408535921356903309e-02,4.001700001852270816e-01,1.866610878512020566e-01
4.846369699832183686e-01,9.622629585124200524e-01,8.268682930612004656e-01,7.094084133734230857e-01,6.503251190790214631e-01,9.122535899805818138e-01,9.518289484523215771e-01,5.256062434531570959e-01,4.029513294593434214e-01,5.931367153745992216e-01,2.557547058568857556e-01,4.762442022189580237e-01,8.419333888154756362e-01,2.087393710968232785e-02,7.272682394656181382e-01,2.649849777971854392e-01,9.373727423571424078e-01,7.953761135828374407e-01,3.058316153423945583e-01,7.134122420406389109e-01
9.318712205520790492e-01,1.037965204076338743e-01,3.605831921919935290e-01,4.812350647903145262e-01,4.076980250915879234e-01,2.941647729352240281e-01,9.390340587876540024e-01,9.418178797703488092e-01,5.545799800204045393e-01,3.180563825020715774e-01,6.350797985894641728e-01,2.791063568488014734e-01,4.515492187349101627e-01,2.374353318939451674e-01,5.309776754514123898e-01,6.998470753601926386e-01,1.048726177537906423e-01,5.790247925147007368e-02,4.851653634103276769e-01,6.484980089868541686e-02
9.380085578407288960e-01,3.865051460550057438e-01,5.941573760231311230e-02,2.423334678935009645e-01,4.194165873732252914e-01,7.909258882301180016e-01,3.492234277489462135e-01,2.175246098214589363e-02,9.176374167937181303e-01,7.264879321989319294e-01,5.279113221674219814e-01,5.090375119407773985e-01,1.395506431241927414e-01,7.287997518854636425e-01,5.968423767248831613e-02,8.708988892536162485e-02,3.804968507386439214e-01,1.717500786107135635e-01,8.885142432136197144e-01,5.389106096128781775e-02
9.475572262157315739e-01,3.246733575816265205e-01,1.202802134325209327e-02,9.142362671345281022e-01,4.449673306832067077e-01,1.961992824534877222e-01,5.352778558607863557e-01,9.741739904995926347e-01,4.823133654395020953e-01,4.451396021604430153e-01,3.547713337324067684e-01,6.669967402955297997e-01,7.059852371052270925e-01,9.368462275123011773e-01,8.849456518746189326e-01,1.693840104531451063e-01,4.253006654074834580e-01,1.022616717489007732e-01,4.052114729705956764e-01,3.767360460443264225e-01
1.651352038060005523e-01,6.628926801345902398e-02,4.699736020578516582e-01,4.291170460758556571e-01,3.405442797751455641e-01,7.220022020609780933e-01,8.598396501417955307e-01,5.478305043440752087e-01,8.604107232708643194e-01,1.607911052020205567e-01,8.378341437008616222e-01,9.372385345269487189e-01,3.540519871321794465e-01,4.057678155352349991e-01,9.641301617562271220e-01,2.294228354121926605e-01,5.249999796899412763e-01,5.968109288173506499e-02,3.433697648569883354e-01,3.289104992689646512e-01
2.937620124139926903e-01,8.304295066312904483e-01,7.063650164563108902e-01,4.999299896298837753e-01,3.171512893485495255e-02,8.747123103489822249e-01,7.519945617795464887e-01,8.423839211882113709e-01,1.858577438398484327e-01,4.841102844448996745e-02,3.561135036506963836e-01,4.726968045893407133e-01,4.529064350482914225e-02,9.817375210691248189e-01,1.915608750146865491e-01,4.551587620243712218e-01,1.155078349309373031e-01,4.783642571325352755e-02,5.717442911991547083e-01,1.628563469846749934e-01
4.309706249621271246e-01,8.678295970173636187e-01,6.830843573225281462e-01,7.630062002093522810e-01,9.012837307951138133e-02,5.490776786430812129e-01,2.336522979206872019e-01,3.794773450112434166e-01,7.318305249939072166e-02,9.966545388621715906e-01,7.545042124323226851e-01,2.822307965375658867e-02,3.563582193631769091e-01,3.324538247075715658e-01,5.312594846382634461e-01,7.327623512909120507e-01,3.858947661369968030e-01,8.514018100618837570e-01,4.687533798667211649e-01,3.355462864508279575e-01
1.567065992254526030e-01,7.873598516318641716e-01,5.826899123398899816e-01,1.672839712555900249e-01,1.583028576811366106e-01,9.555005155498883518e-01,5.150822512307386969e-01,8.700341916827006861e-01,5.825312678724897664e-01,7.358424071704017244e-02,5.178007083393151300e-01,3.705851057822107109e-01,5.699295826719725788e-01,6.815127144709609563e-01,8.275183625332744874e-01,2.002811764502742120e-01,1.835654978342567967e-01,3.016528466225893990e-01,9.421831466029034763e-01,3.742426255115420819e-01
3.191108874871247947e-01,8.922279453154181583e-01,4.586321854945799581e-01,4.645548999871756957e-01,5.206869436519133698e-01,8.639390881141797429e-01,7.129076552319896232e-01,1.078215743077547417e-01,7.901590455897226084e-01,5.962136320039076454e-01,1.056520598175285652e-01,9.934492655691866680e-01,1.863622805218538847e-01,4.691934116844388436e-01,7.375605791482803264e-01,5.997955312007269280e-01,7.679839855497818668e-01,7.304264604851965492e-01,2.592230090177329860e-01,1.650613017120876602e-01
3.756349325666439309e-01,7.417207068692058813e-01,4.030474446253449194e-01,3.832264536287888212e-02,6.725448725171974118e-01,6.731851634446616162e-01,5.523514949101300253e-01,1.094410901526129409e-01,8.393717007891617898e-01,6.692675523569567853e-01,1.466559717876274593e-01,4.567055793143947051e-01,1.672125893874343294e-02,7.171887768236460126e-01,9.877610644072850610e-01,5.396898800249411154e-01,7.492114348886913522e-01,5.284908680455155938e-01,5.550588207416168318e-01,6.933662705430782003e-01
8.204769788975474487e-01,3.677573153078254053e-01,4.736155045836119015e-01,9.672593359075665198e-02,7.405221385853866245e-02,1.437643276510685020e-01,9.301676747887347441e-01,7.812796270791850795e-01,8.334924717819948148e-01,9.466960274555310528e-01,9.072451198797899519e-01,3.954494132791923633e-01,7.622335511285313059e-01,1.677024861945001222e-01,7.640759205181341107e-01,7.609479582371373452e-01,3.475551194459934878e-01,7.702665768912452249e-01,4.191467928527792264e-02,9.390676569879030655e-02
3.587949054795691595e-02,3.811882878763764859e-01,6.976922504798998004e-01,1.356019094303675399e-01,3.570440715362613870e-01,6.723480781850299515e-02,5.139621513323551216e-01,5.106925463458443781e-01,4.890321862065214464e-01,4.944393338593501275e-01,9.353897923407812343e-01,1.753307398858123811e-01,9.351116955380697204e-01,9.674662968022517129e-01,3.864726197192801527e-01,8.617456110748525910e-01,3.809419061734016232e-01,1.453305609341852822e-01,9.229970917277297016e-01,7.173186548703330834e-01
2.194729640631538636e-01,2.526424393796347090e-01,9.921495500712951277e-02,7.048079519675488624e-01,8.150930143143092499e-01,3.915658006289373105e-01,4.344375612634565620e-02,5.331951884272233544e-01,6.161836085492592430e-01,3.299667867774802588e-01,8.797320696001668106e-01,7.872657747640426917e-01,6.040633931442108695e-01,5.928576432649391714e-01,5.922485517153476264e-01,9.859835358944224470e-01,6.116588449406894501e-01,2.203349560215560610e-01,3.932618357904500428e-01,8.815538056897247454e-01
8.343055220721874443e-01,4.910700635378736356e-01,3.982611413436190073e-01,9.881942266031935596e-01,7.429773464926762161e-01,3.604019459604321796e-01,4.176528953510947328e-01,8.086045047274343922e-01,3.759121661216237031e-01,4.753812025006465269e-01,1.743511249073658176e-01,4.480900136690282309e-01,2.823510555382523490e-01,6.762841383547251173e-01,1.733157272722929410e-01,5.242497283936071728e-01,6.494421835768751095e-01,4.482763088181339617e-01,8.087964141144855512e-01,7.098749995140998248e-01
6.572806520146071696e-01,1.590865809390982211e-01,9.996483486644847094e-02,9.883849391909589333e-01,4.519248191200315734e-01,9.577132594610695548e-01,7.581135567670469477e-01,4.995454096869575977e-01,3.862229957801572855e-01,6.689933719270416690e-01,2.190663178224947494e-01,9.006624232975960487e-01,6.706848981942777899e-01,6.893556114665344570e-02,7.012438548906205771e-01,4.225343804751786614e-01,8.591135281530919432e-01,1.303414060847738476e-01,8.147549135667701004e-01,8.013429397107170171e-01
9.112110572549791954e-03,9.458727747347617232e-02,5.200082277583939483e-02,1.248213819730431551e-01,5.619883649669503711e-01,3.214986835944074750e-01,4.395693211295638170e-01,6.494446729538645435e-01,3.244773003028107450e-01,7.397732568218844396e-01,6.878591892757038861e-01,1.933815273542812685e-01,4.015154483068883451e-01,4.576818039263695903e-01,2.228082116664460433e-01,6.251519018305324860e-01,1.647933015025262460e-01,2.645957039910887820e-01,4.043929839869452314e-01,4.033159864492958935e-01
4.297437308729785688e-01,2.791021363394892152e-01,9.072266843807751391e-01,4.904066219555663908e-01,2.789973908668721414e-01,9.635362559811861960e-01,1.093905533175227873e-01,7.539712245669782931e-01,4.871285820842576886e-01,2.081263764714695874e-01,8.655729459732003361e-01,9.294857523845982961e-01,8.003112268503898008e-01,9.372994312656985905e-01,5.962039109951478011e-01,9.795925527833095892e-01,7.141010413797018730e-01,5.715761808510319009e-01,2.283429872270547056e-01,9.360915856014974112e-01
2.883299861999355507e-01,8.586408638234926949e-01,8.496486192109869995e-01,2.273449479069113988e-01,9.384629879252681661e-02,2.514672231307689687e-01,2.928611711671704754e-01,7.288016408479790487e-01,9.318022039920524913e-01,2.710799606104243864e-01,5.694157642601587188e-01,8.371332627084193678e-02,3.986086489088582763e-01,1.352723036493360675e-01,8.167108580337625323e-01,5.361174487973696667e-01,3.027088394286119311e-01,4.312446772825516694e-01,2.760662322977470717e-01,6.451879367685358080e-01
6.527989908554483467e-01,7.130936080140933830e-01,9.880752882290345651e-01,3.722812513649790267e-01,5.842536582244300947e-01,9.619133883354018533e-01,8.769938611686109997e-01,9.187054433007080245e-01,2.387726083549268630e-02,5.764103645995005687e-01,1.253948160686857438e-01,6.698785960770281545e-01,1.389776717599895406e-01,1.533555448703755042e-01,1.902362399009954741e-01,3.272731250501044187e-01,9.800076185399548834e-01,5.346531726196181999e-01,5.616815349389242540e-01,7.794878479566391682e-02
5.932202324779068947e-01,3.046774922525421481e-01,8.860552890534222348e-01,1.613637144495669862e-01,5.687551379551654129e-01,4.857466015881040100e-02,6.618227053653954473e-01,9.723423416880764281e-01,2.188721779366551434e-01,2.744259704360912933e-01,3.872021920777961590e-01,2.918532087836923639e-01,9.076252200476263576e-01,9.255047524874564502e-01,6.339544101280436550e-02,7.282413334434240104e-01,7.431363307713749755e-01,2.499264564472267747e-01,5.450185597489456413e-01,1.837949074175411202e-01
9.019904286568243279e-01,4.708007590914985441e-01,4.892932380729964059e-03,8.913210638135259378e-01,8.496114543477705228e-01,9.751289750728057149e-01,8.915824875902547131e-01,5.766581894167586153e-01,2.791938201027854838e-02,2.580765305188315040e-02,8.973898346231272694e-01,4.919903584567247856e-01,6.046310807253526542e-01,3.983155284344813696e-01,9.887680357165806733e-03,7.792717004976734696e-01,3.708056590324548818e-02,8.721493219114456741e-01,2.933617397559086237e-01,7.896836940439403429e-01
6.771099108180027581e-01,6.116559249482742544e-01,3.196000552272445505e-01,1.266598922898835022e-01,1.843984241877320018e-01,6.814914066444994756e-01,4.365892383889761197e-01,7.912677284709741521e-01,5.605427140493727256e-01,4.462012512029296385e-01,3.600955138249458676e-01,5.109030406691013049e-01,5.527839222668301522e-01,4.494250075824521851e-01,9.713396191589735995e-01,2.352144703486030997e-01,8.345198928554753426e-02,7.880423591423898477e-01,4.120674876146189769e-01,5.099361258631279759e-01
4.863756310755436019e-01,6.536087554532120647e-01,3.230564773617384811e-01,5.139094006304979478e-01,4.556148997629883013e-02,6.145535420468201115e-01,2.105487954644132964e-01,3.295365213761564105e-01,3.147123857598890240e-01,7.075378789420774250e-01,1.165444685051084672e-01,7.379915305219357791e-01,8.683094487026207231e-01,9.865194519998135014e-01,9.136337256080766522e-01,4.423447879714478281e-01,9.716655503853101061e-01,8.702484504666385678e-02,1.954651129205606797e-01,9.925732804030115153e-01
1.322801242402593669e-01,7.532515634341366839e-01,5.034478588941457833e-01,9.251864880782336709e-01,7.797639990838437507e-01,4.413623405118094478e-02,8.733216400336372143e-01,4.514804290532210551e-01,5.186044619059752003e-01,8.185207576629157655e-01,6.032400844631072845e-01,5.917479639432562388e-01,8.394513574074828899e-01,3.610717850186103695e-01,3.116504575292405876e-01,7.752500516421183541e-01,9.891257284876795453e-01,1.852282491404566578e-01,2.451890700901153686e-01,3.911644500724720253e-01
4.623922402116702468e-01,3.539753369403233485e-01,8.600430848980159526e-01,2.705179541197700877e-01,8.232880802700937029e-02,6.808462963233286036e-02,3.893784304024224818e-01,3.362862476002614898e-01,1.054264547129259988e-01,6.389943849611475768e-01,6.126343987709972350e-01,8.416298127981778343e-01,1.384246091450310745e-01,8.948132981207693737e-01,5.255761706614743289e-01,6.782645147983170641e-01,9.389008056504497546e-01,9.498381573522405308e-01,8.377262323586806003e-01,9.371831182405900851e-01
5.761913777304503714e-01,4.836210080736830230e-01,4.805195891386558893e-01,4.985796478355675188e-02,8.710373960929272963e-01,1.841693733871720973e-01,6.108502374816182634e-01,7.478369472346397817e-01,1.032485944709151671e-01,1.925119693154591083e-01,9.421477154570866430e-01,5.709743184592515064e-01,5.941909562316574078e-01,6.816825118042868503e-01,9.142020893726342523e-01,3.607892769980065584e-01,7.294065866145273969e-01,1.978587102947066967e-01,7.769835839969172486e-01,1.538708317660458791e-01
9.495074803316461143e-03,5.187757950933815643e-01,1.864774705253451348e-01,3.610752204717038172e-01,8.543151509291692092e-01,4.231984248919793412e-01,4.656082381163266781e-01,1.808318516306226531e-01,4.125354244040239093e-01,3.561278783177082019e-01,9.156712796995003512e-01,4.573315819856229592e-01,2.049282177260489668e-01,1.163223965541594351e-01,6.301151446598631800e-01,6.700706373564713214e-01,8.644629052976393613e-01,5.800329056760311630e-01,2.561648740367939991e-01,1.680876798259445248e-02
1.983729317484327348e-01,1.500865294699174068e-01,4.226727187527804519e-01,3.409342129762144014e-01,4.979465789950098253e-01,1.280321983166562427e-01,1.888353316029877105e-01,6.956261660474193365e-01,7.922401773804051972e-01,3.043267451471143303e-02,9.943707964067201033e-01,1.291527506525270708e-01,6.900460429911303706e-02,3.710553568248627920e-01,1.705885465002976442e-02,2.226083736799999713e-01,4.473974992853435584e-01,1.232437605592524577e-01,7.183961475403898289e-01,2.737796568689351284e-01
9.306960776467168017e-01,4.951786903884790592e-01,7.811558031996305163e-01,4.690417027995785748e-01,3.312094770296184487e-01,1.888078797337118253e-01,4.077521897507323523e-01,4.006861199802284057e-01,1.303801764701230104e-01,2.622996073973776765e-01,7.156272497168674196e-01,4.455682540483880683e-01,1.271133484123807555e-01,6.079088089086104318e-01,8.641563033243109260e-01,9.298930047581225322e-01,7.780042453924236323e-01,8.199204785820464192e-01,4.547112479569547228e-01,4.889494399698656180e-01
4.920703220335792549e-01,9.862371948801059718e-01,8.627883840612980970e-01,1.357687633471845734e-01,3.811403279768829089e-01,5.626659803761316914e-01,8.748002737232635218e-01,2.149542393187228173e-01,3.292579167001632445e-01,7.594025840685049156e-01,2.827109136976975190e-01,2.958128572819525015e-01,1.936675465104562566e-01,4.745907313178211462e-01,2.583506398300859930e-01,3.425099689427034688e-01,1.578783628405610040e-01,7.194628358926413725e-02,6.208944735391447312e-01,9.035514426194196647e-01
6.713504252945170503e-01,9.484390863793163984e-01,5.168429204300397650e-01,7.587008045152011659e-01,4.297969165841146744e-01,9.457069156805825161e-01,7.168365835163282851e-01,1.123114832635297988e-01,8.721189648325089472e-02,6.060449471896682816e-01,7.770676805145934063e-01,7.345175462593522830e-02,3.697267857952505343e-01,3.727528028223681122e-02,4.515524607132042068e-01,3.517467731974104339e-01,2.219995394777326547e-01,1.253783866078568288e-01,3.262893922669265478e-01,5.399221439469488182e-01
4.733034535845451751e-01,6.495855243196453355e-01,4.930555799328892874e-01,6.547148693461498636e-01,8.861378284060832389e-01,4.194838980245660931e-01,5.648106444053746511e-02,1.428273501211111407e-01,5.398985070080829507e-01,7.373095551451755991e-01,9.644669198031796675e-02,2.593518748014433939e-01,7.650066707524462162e-01,6.523076675305972127e-01,9.232724571321774265e-01,4.580742297244788652e-01,9.958130601710658558e-01,1.519584297163307784e-01,6.437407761116439309e-01,3.761911325680118434e-01
5.568013489049935538e-01,4.935386675521830080e-01,4.507932017339350006e-01,1.588297260243017872e-01,1.802945980579031549e-01,1.176003229249993343e-01,8.218953285987256052e-01,7.054548482296373324e-01,9.200855812052155525e-02,8.739980217797774786e-01,2.058893270314289259e-01,1.606221092599995348e-01,1.817007502335676872e-02,3.680149565591195326e-01,1.062431982522962226e-01,5.662431436388619677e-01,7.195505904543230136e-01,9.075020908646269646e-02,7.481655273774235893e-01,3.943173914060161822e-01
8.881887669545065478e-01,3.681371636477701603e-01,5.745562484915112123e-02,3.380599237279149349e-01,8.483111448097764296e-01,2.879522076791901641e-01,7.010847647775541036e-01,2.589679340024716447e-01,7.609328657997505019e-02,3.197426782363708142e-01,2.981686556187640447e-01,9.565741273331499483e-01,9.975810192306724389e-01,2.028286810660935302e-01,6.996823377062069138e-01,7.629035365603408225e-01,9.876571943989043145e-02,4.951152357141590521e-01,1.448634281846299388e-01,7.840632575857779951e-01
5.709592694085674491e-02,5.389070484292224350e-01,5.332262170358081921e-01,8.701865416176853829e-01,7.143717315810860224e-01,8.060757618186423779e-01,5.997050873248228609e-01,1.848304434553506015e-01,3.752018078913983423e-01,9.507755021169458365e-01,2.916016335175384278e-01,7.149529248359207667e-01,4.523147142760757244e-01,9.585124075730554472e-01,4.076993541520905762e-01,6.507344025775401164e-01,9.195302558251677860e-01,5.626908679442074179e-01,3.310665263694346772e-01,1.216783989887406658e-01
1.050997802025077643e-02,7.169014191651816859e-01,5.221321668618015277e-01,3.915667116436524209e-01,3.270808512583767147e-03,2.887980965725556182e-02,5.823902810849564959e-01,9.824742737601166453e-02,6.517732528926960534e-01,8.977212396003527717e-01,9.654998531515180948e-01,1.147723391927667480e-01,5.067508070285132726e-01,3.742871285129042436e-01,2.017507268676880239e-01,6.489418185928906846e-01,6.276121915036249055e-01,4.933414832808508121e-01,9.560722207602345701e-02,4.086435340631682234e-01
1.211637271145032946e-01,7.506894714186868045e-01,1.842464268910414260e-01,7.083624450944552287e-01,4.420467609409798326e-01,4.311489306360128948e-01,1.112870327177525320e-01,8.077900127034842725e-02,1.522642007370684780e-01,6.472290811801216792e-01,7.664050373617921075e-01,1.053180230178596410e-02,2.698905207823647512e-01,8.920819305395755183e-02,6.842155548020295575e-01,4.583202220202582389e-01,5.475213935928643361e-01,5.941027166395450587e-01,3.850281901916877692e-01,1.892078452664163191e-01
6.174117207278513320e-01,9.686594850788894373e-01,4.142351197741633850e-01,1.001222923121329877e-01,2.085007844278576883e-01,2.592380022344457080e-01,3.214305628451884500e-01,3.042796894433941191e-02,5.370822139660645922e-01,3.234950311528625999e-01,4.606624160582973859e-01,1.112186080584220971e-01,3.783955713724611591e-01,5.973613603143250739e-01,1.734779510259154556e-01,3.829140918634250657e-01,8.053810318286224179e-01,4.642288564238239434e-01,3.749303786466574584e-01,5.737818724120746783e-02
1.903542839861418479e-01,5.095381681133170915e-02,5.169708213583033007e-01,8.587000525672955353e-01,6.892175486017522168e-01,9.688516833671201312e-01,4.136891527918856726e-01,9.515013300950010411e-01,2.428931762656569848e-01,6.180372668619198429e-01,5.235855780629564693e-01,4.508331918178212216e-01,4.999041865621111080e-01,3.549992333930548360e-01,7.162953271237761932e-01,3.819778523440053863e-01,6.894513703441780272e-01,4.013273996424754353e-01,4.348728429231507597e-01,3.647586869660636166e-01
2.163984672596964698e-01,3.175324542321003030e-01,3.519108854657034824e-01,8.170663884580703362e-01,6.731808182015998065e-01,2.006383554589354912e-01,9.916089671576447939e-01,6.750240381493379793e-01,4.156498067615446157e-01,8.562218255617602969e-01,2.633142709745703858e-01,1.189011251714248152e-01,4.408020607067454355e-01,9.279101437498803451e-01,1.765552096247726688e-01,1.306932128254394421e-01,3.929310850464362570e-02,5.497074179663540283e-01,7.033876209993182860e-01,1.785162191035838397e-01
